1	67.30773737
2	-14.51918185
3	10.3935863
4	74.3813717
5	-2.279633398
6	-2.472140458
7	72.7341216
8	7.070969919
9	-18.38431875
10	61.98739189
11	12.60590761
12	-35.91581212
13	43.49885858
14	14.71543587
15	-52.53442302
16	20.1445996
17	14.85520004
18	-65.12813003
19	-4.324743185
20	14.93975876
21	-70.80087586
22	-26.16728229
23	16.59105314
24	-67.6939654
25	-42.50783536
26	20.50149529
27	-55.57033538
28	-51.915092
29	26.13191863
30	-35.96985436
31	-54.53661688
32	31.84944931
33	-11.87984014
34	-51.77671926
35	35.45918364
36	12.97990842
37	-45.65089413
38	34.9485814
39	35.0366899
40	-38.05087056
41	29.1912009
42	51.64114567
43	-30.17268848
44	18.37147158
45	61.51487555
46	-22.29164612
47	3.988943803
48	64.76076074
49	-13.93756676
50	-11.55508743
51	62.47688866
52	-4.378031658
53	-25.64385518
54	56.14545152
55	6.792615869
56	-36.16948113
57	47.0345902
58	19.19621711
59	-42.05309589
60	35.83185632
61	31.53265901
62	-43.39523514
63	22.63107825
64	41.82908848
65	-41.22451873
66	7.255506095
67	48.00105119
68	-36.95532988
69	-10.23062305
70	48.53228345
71	-31.76668747
72	-29.04540582
73	43.03029484
74	-26.13899662
75	-47.46354832
76	32.45174096
77	-19.72437469
78	-62.96974725
79	18.90262331
80	-11.60152736
81	-72.78148867
82	5.065036599
83	-0.822050666
84	-74.5925878
85	-6.566815184
86	12.95704507
87	-67.29831853
88	-14.3894559
89	28.99949598
90	-51.45410238
91	-18.09742888
92	45.37178495
93	-29.29721717
94	-18.6594142
95	59.25855336
96	-4.299449049
97	-17.87387029
98	67.63859105
99	19.62883118
100	-17.65833318
101	68.11952204
102	39.04819071
103	-19.31740715
104	59.66679638
105	51.74117401
106	-23.0412985
107	42.9890527
108	57.08589175
109	-27.80702001
110	20.44910168
111	55.95838021
112	-31.71564146
113	-4.478407554
114	50.22436075
115	-32.64911669
116	-28.03665579
117	42.01196127
118	-29.02098589
119	-47.04874794
120	33.020127
121	-20.36415142
122	-59.55411026
123	24.09226225
124	-7.556291854
125	-65.04367674
126	15.18124901
127	7.39105319
128	-64.25737886
129	5.687557477
130	21.90401719
131	-58.65432587
132	-4.982190887
133	33.58101873
134	-49.77001747
135	-16.86598785
136	40.84098672
137	-38.70069927
138	-29.12954407
139	43.27114854
140	-25.89498491
141	-40.1170952
142	41.56989032
143	-11.30975017
144	-47.76830345
145	37.12481485
146	5.154230184
147	-50.26234848
148	31.39458625
149	23.1303792
150	-46.66177407
151	25.33013358
152	41.40869643
153	-37.32085802
154	19.05275814
155	57.88445184
156	-23.89971192
157	11.91018292
158	69.89786969
159	-8.95975648
160	2.890902342
161	74.88464923
162	4.738204465
163	-8.757619786
164	71.13637537
165	15.00647338
166	-22.94209925
167	58.41665482
168	20.81845174
169	-38.40041022
170	38.21338074
171	22.51683936
172	-52.78854805
173	13.51951742
174	21.57442872
175	-63.18305315
176	-11.81330662
177	19.99165865
178	-66.85794363
179	-33.96404121
180	19.53856214
181	-62.09406188
182	-50.00972892
183	21.10116375
184	-48.75857085
185	-58.51402234
186	24.35555197
187	-28.46098867
188	-59.67185749
189	27.87946192
190	-4.226818193
191	-54.99139445
192	29.66044861
193	20.21511086
194	-46.64395991
195	27.8236901
196	41.31267513
197	-36.71515408
198	21.32800386
199	56.46990281
200	-26.61125623
201	10.39119052
202	64.49853776
203	-16.80871447
204	-3.499503769
205	65.62985957
206	-7.005248163
207	-17.99250162
208	61.12451714
209	3.415045882
210	-30.55102207
211	52.64997481
212	14.80172929
213	-39.17303118
214	41.66400374
215	26.78036472
216	-42.9092694
217	29.02569718
218	38.10604056
219	-42.01173055
220	14.96024204
221	46.90008269
222	-37.67772418
223	-0.634885553
224	51.19843481
225	-31.49792718
226	-17.68647392
227	49.62135053
228	-24.82000049
229	-35.46672389
230	41.92255015
231	-18.26607248
232	-52.35623112
233	29.21079918
234	-11.58337014
235	-65.98031456
236	13.74647136
237	-3.883521349
238	-73.71342553
239	-1.637918415
240	5.818491419
241	-73.40701361
242	-14.31220288
243	17.96860579
244	-64.10414554
245	-22.56596761
246	31.98634974
247	-46.49306265
248	-26.03209952
249	46.12589605
250	-22.92730981
251	-25.67692999
252	57.76765195
253	3.022595268
254	-23.36342469
255	64.07250184
256	27.36825027
257	-21.13840507
258	62.80068927
259	46.61962541
260	-20.48792203
261	53.03268134
262	58.54572074
263	-21.81440669
264	35.55337142
265	62.55799927
266	-24.31178087
267	12.7662433
268	59.61905293
269	-26.27710381
270	-11.84483704
271	51.73359019
272	-25.74713936
273	-34.54302717
274	41.21132222
275	-21.23729055
276	-52.20134517
277	29.95690565
278	-12.32676723
279	-62.94187516
280	19.01940968
281	0.111210873
282	-66.37319717
283	8.532125723
284	14.11150161
285	-63.386289
286	-1.970481259
287	27.17935241
288	-55.61672401
289	-13.00730252
290	37.0180109
291	-44.78678717
292	-24.60455584
293	42.17289671
294	-32.16926633
295	-35.9729939
296	42.37701567
297	-18.35675977
298	-45.54666134
299	38.49053026
300	-3.398257587
301	-51.38560116
302	32.07188067
303	12.77717352
304	-51.80726826
305	24.7474532
306	29.84045648
307	-46.02135425
308	17.61579894
309	46.67678362
310	-34.53283034
311	10.90656072
312	61.31857948
313	-19.15258904
314	4.019294278
315	71.26595896
316	-2.588572273
317	-4.073024601
318	74.11902458
319	12.26379552
320	-14.20697014
321	68.3245099
322	23.10592031
323	-26.43228367
324	53.78402944
325	28.83880548
326	-39.67027815
327	32.10349425
328	29.78581057
329	-51.77709115
330	6.373541904
331	27.46362702
332	-60.02227011
333	-19.4778126
334	23.98184624
335	-61.84636492
336	-41.57824336
337	21.27667702
338	-55.65836167
339	-56.98583357
340	20.43933556
341	-41.41120617
342	-64.28656225
343	21.36537831
344	-20.7600087
345	-63.74646285
346	22.83963701
347	3.259246979
348	-56.99582155
349	23.02106864
350	26.93772668
351	-46.37329705
352	20.15470867
353	46.77177775
354	-34.1623111
355	13.26125832
356	60.2432324
357	-21.97557008
358	2.56478172
359	66.27292006
360	-10.47942869
361	-10.4884599
362	65.2325041
363	0.478331256
364	-23.6244961
365	58.54936981
366	11.42021852
367	-34.4112783
368	48.07242287
369	22.66640519
370	-40.97211439
371	35.43765848
372	33.87444853
373	-42.49995823
374	21.65770756
375	43.88227094
376	-39.40295081
377	7.065937229
378	50.93012963
379	-33.04355629
380	-8.392543946
381	53.19416026
382	-25.17738938
383	-24.66357198
384	49.44425542
385	-17.30261737
386	-41.10080082
387	39.58563169
388	-10.15972334
389	-56.21529448
390	24.87613491
391	-3.564335812
392	-67.79284908
393	7.71943138
394	3.366966016
395	-73.37835473
396	-8.919693144
397	11.68293477
398	-70.98678458
399	-22.29874303
400	21.95670908
401	-59.80669525
402	-30.62747288
403	33.78317834
404	-40.64873729
405	-33.50545675
406	45.61758415
407	-15.96500938
408	-31.92400322
409	55.04218966
410	10.59878458
411	-27.8348011
412	59.39818413
413	35.00358947
414	-23.43326997
415	56.5887604
416	53.73766451
417	-20.39991951
418	45.79249075
419	64.58444062
420	-19.3551784
421	27.8476423
422	67.01352088
423	-19.7079716
424	5.17135243
425	62.09371432
426	-19.94185217
427	-18.77221431
428	51.98179396
429	-18.23194025
430	-40.29456942
431	39.17464832
432	-13.17325733
433	-56.34408144
434	25.78043835
435	-4.364945643
436	-65.1458712
437	13.04413437
438	7.352681582
439	-66.43984676
440	1.262881632
441	20.08909304
442	-61.27399399
443	-9.9169786
444	31.4542726
445	-51.45824111
446	-20.9659036
447	39.27714893
448	-38.89178354
449	-31.92638092
450	42.2439337
451	-25.00720023
452	-42.08208721
453	40.23996485
454	-10.51881239
455	-49.98237927
456	34.28548884
457	4.458324798
458	-53.8286986
459	26.10007616
460	19.9947285
461	-52.09150633
462	17.46102167
463	35.82644067
464	-44.13477851
465	9.592043289
466	50.95912055
467	-30.61306011
468	2.804888474
469	63.58330914
470	-13.47871872
471	-3.476991503
472	71.37395549
473	4.430470728
474	-10.32363796
475	72.10319339
476	20.10708133
477	-18.68066673
478	64.37246951
479	31.16822824
480	-28.7614971
481	48.21281685
482	36.47088115
483	-39.68562614
484	25.33204004
485	36.34688385
486	-49.51700858
487	-1.103908013
488	32.38193984
489	-55.71812095
490	-27.1173415
491	26.81530878
492	-55.88809036
493	-48.81346411
494	21.76380395
495	-48.54870539
496	-63.25986275
497	18.53115095
498	-33.71708031
499	-69.09060882
500	17.23206101
501	-13.06771577
502	-66.66384201
503	16.85052231
504	10.38157673
505	-57.74662724
506	15.70186168
507	32.97066413
508	-44.85221522
509	12.12990546
510	51.27069232
511	-30.46127987
512	5.191681929
513	62.86302919
514	-16.38470477
515	-4.910574382
516	66.79293711
517	-3.463508168
518	-16.79998063
519	63.58022947
520	8.325540574
521	-28.30652798
522	54.81869379
523	19.43690025
524	-37.1249872
525	42.53040572
526	30.18908732
527	-41.51993281
528	28.51416107
529	40.29967976
530	-40.83493266
531	13.91485269
532	48.71556557
533	-35.63446321
534	-0.851414337
535	53.81805271
536	-27.43816624
537	-15.81956618
538	53.93970876
539	-18.15120817
540	-30.98230619
541	48.00899545
542	-9.400829573
543	-45.80062822
544	36.08341483
545	-2.020199472
546	-58.93804009
547	19.56241846
548	4.134477986
549	-68.35713499
550	0.97784367
551	9.969487337
552	-71.78253225
553	-16.59472042
554	16.62301961
555	-67.39412063
556	-30.32641556
557	24.81709971
558	-54.51919038
559	-38.37542956
560	34.33803649
561	-34.07633435
562	-40.33625601
563	43.8513458
564	-8.595153333
565	-37.25113416
566	51.14273614
567	18.22936481
568	-31.18216534
569	53.72744413
570	42.33607931
571	-24.48920005
572	49.63786306
573	60.22034987
574	-19.05606322
575	38.13039291
576	69.70668084
577	-15.72245499
578	20.07140727
579	70.34511569
580	-14.10591643
581	-2.136541651
582	63.32689647
583	-12.86289425
584	-25.07786591
585	50.96980691
586	-10.28701127
587	-45.13950678
588	35.95901918
589	-5.028238696
590	-59.36816412
591	20.59950533
592	3.32198131
593	-66.10895673
594	6.318248322
595	13.98468189
596	-65.24269387
597	-6.443741357
598	25.17088575
599	-57.97585664
600	-17.95283025
601	34.61850576
602	-46.28613377
603	-28.65839649
604	40.29960761
605	-32.23561849
606	-38.64727553
607	41.05140367
608	-17.39647001
609	-47.30271626
610	36.91365235
611	-2.579967153
612	-53.31248948
613	29.06050726
614	12.06016514
615	-55.03707714
616	19.35881415
617	26.62198386
618	-51.11059712
619	9.716481506
620	40.93307697
621	-41.05398594
622	1.457402112
623	54.14247643
624	-25.66575572
625	-5.052196797
626	64.61644792
627	-7.026285127
628	-10.39303216
629	70.21564846
630	11.91700613
631	-15.70451409
632	68.887411
633	28.06987117
634	-22.0639741
635	59.38296481
636	38.99316402
637	-29.86583581
638	41.84999948
639	43.52835426
640	-38.43846995
641	18.07856868
642	42.04249274
643	-46.05686306
644	-8.715006531
645	36.21312136
646	-50.37183529
647	-34.53153929
648	28.42639254
649	-49.12894194
650	-55.48277177
651	20.99011926
652	-40.94388507
653	-68.67319379
654	15.42340086
655	-25.87371315
656	-72.80848674
657	12.05527359
658	-5.584629905
659	-68.35664929
660	10.05672429
661	16.95261349
662	-57.23217142
663	7.880836483
664	38.15425772
665	-42.12571751
666	3.946502234
667	54.69035657
668	-25.71012772
669	-2.680005132
670	64.26031674
671	-9.981979596
672	-11.84664596
673	66.04519733
674	4.061898883
675	-22.2733091
676	60.71630484
677	16.3395241
678	-31.91811079
679	50.02898249
680	27.26421925
681	-38.6215215
682	36.16596235
683	37.18089549
684	-40.80133984
685	21.06978408
686	45.89421652
687	-37.95573478
688	5.993593436
689	52.48400781
690	-30.80119625
691	-8.590821749
692	55.49156306
693	-21.00231689
694	-22.72645222
695	53.41816784
696	-10.59477688
697	-36.47977101
698	45.35537498
699	-1.310694333
700	-49.44287525
701	31.5092488
702	5.951396737
703	-60.45053324
704	13.40911276
705	11.32295023
706	-67.65451495
707	-6.303815067
708	15.76005831
709	-68.96405352
710	-24.46739765
711	20.51397169
712	-62.72082573
713	-38.19406521
714	26.47415965
715	-48.37982548
716	-45.61915083
717	33.6304867
718	-26.94943207
719	-46.35947273
720	40.86354627
721	-1.012884102
722	-41.53211546
723	46.15955213
724	25.71316294
725	-33.32819258
726	47.19723633
727	49.17453041
728	-24.28392284
729	42.12072685
730	65.90169857
731	-16.49091254
732	30.24112981
733	73.78488605
734	-11.00487342
735	12.42591122
736	72.47382257
737	-7.641261686
738	-8.965713181
739	63.29453262
740	-5.212069186
741	-30.59484662
742	48.73038515
743	-2.106685007
744	-48.94896344
745	31.65141299
746	2.996426712
747	-61.19304793
748	14.5483813
749	10.54170834
750	-65.80533446
751	-0.98737696
752	19.83925344
753	-62.81275128
754	-14.39389488
755	29.22663827
756	-53.57723947
757	-25.87666323
758	36.58989205
759	-40.23332396
760	-35.89193348
761	40.05784626
762	-24.98819055
763	-44.59828311
764	38.62457724
765	-9.530416422
766	-51.50327227
767	32.48183274
768	5.258400476
769	-55.4532072
770	22.947161
771	19.21390435
772	-54.98144026
773	12.01701988
774	32.48900937
775	-48.89205732
776	1.706658739
777	45.02740661
778	-36.86111019
779	-6.586755842
780	56.14145556
781	-19.82112694
782	-12.47082851
783	64.38695992
784	0.0367907
785	-16.55791552
786	67.81682408
787	19.67876747
788	-20.08132091
789	64.55222086
790	35.95085888
791	-24.26985012
792	53.48487287
793	46.38641185
794	-29.71248535
795	34.86251985
796	49.83937879
797	-35.95283414
798	10.53479437
799	46.73695688
800	-41.47559594
801	-16.25852977
802	38.86847601
803	-44.11097132
804	-41.52569008
805	28.78046361
806	-41.73492274
807	-61.41345977
808	18.97781779
809	-33.03511862
810	-73.08888277
811	11.193343
812	-18.08230519
813	-75.34992598
814	5.961177833
815	1.494086813
816	-68.78848761
817	2.623249214
818	22.79876947
819	-55.47284059
820	-0.251311909
821	42.35031077
822	-38.26936043
823	-4.194317166
824	56.93896569
825	-20.03356849
826	-10.15816057
827	64.39699319
828	-2.931330972
829	-18.06891472
830	64.04834131
831	11.90669872
832	-26.76894532
833	56.71463735
834	24.31918338
835	-34.36586502
836	44.30353257
837	34.70610175
838	-38.86105149
839	29.14196523
840	43.46640622
841	-38.83322362
842	13.29400426
843	50.51726062
844	-33.93462655
845	-1.905086039
846	55.09263545
847	-25.02503623
848	-15.9558119
849	55.90908985
850	-13.89781932
851	-28.93690104
852	51.64465969
853	-2.696950873
854	-41.01388985
855	41.55399767
856	6.766927544
857	-51.93101085
858	25.98359312
859	13.55820025
860	-60.70947516
861	6.576942327
862	17.8239005
863	-65.69836341
864	-13.93734905
865	20.59530757
866	-64.99188994
867	-32.3370385
868	23.25766003
869	-57.08596437
870	-45.70449323
871	26.88282229
872	-41.54826848
873	-52.18063121
874	31.67211754
875	-19.45558416
876	-51.43047815
877	36.72150047
878	6.581291674
879	-44.66722527
880	40.21030623
881	32.85268044
882	-34.2260233
883	39.96619794
884	55.34017377
885	-22.82718424
886	34.22431169
887	70.63590442
888	-12.77004795
889	22.3250876
890	76.71782659
891	-5.318623445
892	5.109007233
893	73.35105771
894	-0.471543483
895	-15.13659413
896	62.00456513
897	2.824300704
898	-35.17616636
899	45.32737581
900	6.108783236
901	-51.62022648
902	26.36650434
903	10.70250992
904	-61.76847388
905	7.783436565
906	17.11382463
907	-64.24120412
908	-8.68713502
909	24.7681698
910	-59.21219044
911	-22.38753001
912	32.15210677
913	-48.19134329
914	-33.48993235
915	37.31646397
916	-33.45503397
917	-42.48529777
918	38.55630608
919	-17.33438433
920	-49.62995483
921	35.02394859
922	-1.608858451
923	-54.57797713
924	27.05623842
925	12.79746057
926	-56.3508438
927	16.09952886
928	25.73754979
929	-53.66445558
930	4.258854744
931	37.4451568
932	-45.49468941
933	-6.368865079
934	48.0021325
935	-31.66640002
936	-14.34132498
937	56.90065963
938	-13.23208821
939	-19.26824145
940	62.89575286
941	7.527102311
942	-21.81978463
943	64.23461382
944	27.51645568
945	-23.34521742
946	59.20641644
947	43.55071871
948	-25.2411491
949	46.82997492
950	53.16449136
951	-28.30055167
952	27.43305415
953	55.25093592
954	-32.28414509
955	2.899740985
956	50.31991498
957	-35.88053046
958	-23.53495054
959	40.28910214
960	-37.0861884
961	-47.9156459
962	27.87478355
963	-33.88801596
964	-66.45141874
965	15.78055073
966	-25.02120985
967	-76.39513069
968	5.946746711
969	-10.5426442
970	-76.6543459
971	-0.90076864
972	7.98357131
973	-67.95482862
974	-5.268672234
975	27.76482182
976	-52.52053059
977	-8.496027872
978	45.44559444
979	-33.38734051
980	-12.09249844
981	57.95429662
982	-13.57980546
983	-17.05717191
984	63.26679567
985	4.58683686
986	-23.42099373
987	60.85256948
988	19.87266303
989	-30.17217793
990	51.67790063
991	32.06426661
992	-35.58588242
993	37.78932235
994	41.57623439
995	-37.83555368
996	21.63799729
997	48.88809295
998	-35.66407961
999	5.384706715
1000	54.05262166
1001	-28.8727604
1002	-9.580765042
1003	56.47584494
1004	-18.45174147
1005	-22.75940202
1006	55.06083314
1007	-6.303436565
1008	-34.2922728
1009	48.66595871
1010	5.344732901
1011	-44.46701131
1012	36.70447919
1013	14.63145548
1014	-53.19774768
1015	19.65096789
1016	20.61256559
1017	-59.70329996
1018	-0.756175975
1019	23.47757266
1020	-62.53374909
1021	-21.72560804
1022	24.35610474
1023	-59.96414392
1024	-40.00295331
1025	24.78508041
1026	-50.63284812
1027	-52.66944881
1028	26.0297134
1029	-34.20161878
1030	-57.89905156
1031	28.50625114
1032	-11.79157144
1033	-55.42869895
1034	31.52177036
1035	13.98657977
1036	-46.58574995
1037	33.43709787
1038	39.45909364
1039	-33.86044818
1040	32.21063466
1041	60.67118668
1042	-20.16050118
1043	26.145076
1044	74.30102883
1045	-7.988411003
1046	14.58322412
1047	78.43316023
1048	1.195492644
1049	-1.689852425
1050	72.95984331
1051	7.227798589
1052	-20.48632066
1053	59.49674307
1054	11.05012486
1055	-38.69851204
1056	40.8540998
1057	14.15828328
1058	-53.07934653
1059	20.24376089
1060	17.89990869
1061	-61.07574173
1062	0.479179011
1063	22.87438055
1064	-61.45460516
1065	-16.58538204
1066	28.64668903
1067	-54.53276713
1068	-30.22346013
1069	33.87168448
1070	-41.95634106
1071	-40.60194498
1072	36.77776249
1073	-26.12485691
1074	-48.27349
1075	35.83129797
1076	-9.469390663
1077	-53.6161324
1078	30.339704
1079	6.166964146
1080	-56.44956127
1081	20.77375092
1082	19.84596093
1083	-55.98316629
1084	8.690292323
1085	31.46508138
1086	-51.12068774
1087	-3.720945441
1088	41.36287293
1089	-41.00709336
1090	-14.30880457
1091	49.77833544
1092	-25.60542829
1093	-21.61450202
1094	56.39609067
1095	-6.070387194
1096	-25.27739699
1097	60.17565609
1098	15.25040124
1099	-26.04968044
1100	59.55604932
1101	35.22878465
1102	-25.41560789
1103	52.98428801
1104	50.67715099
1105	-24.9520681
1106	39.58911448
1107	59.15940161
1108	-25.66108432
1109	19.75538768
1110	59.63270633
1111	-27.5178292
1112	-4.625296827
1113	52.70911691
1114	-29.40465669
1115	-30.35149021
1116	40.44738156
1117	-29.46743487
1118	-53.53248905
1119	25.73857769
1120	-25.78157934
1121	-70.46503797
1122	11.48206727
1123	-17.10351649
1124	-78.50811315
1125	-0.184783859
1126	-3.44804757
1127	-76.69238786
1128	-8.361594409
1129	13.71393988
1130	-65.88312604
1131	-13.42617093
1132	31.71784287
1133	-48.45733173
1134	-16.65191983
1135	47.35471484
1136	-27.60985595
1137	-19.5541798
1138	57.70528356
1139	-6.516779615
1140	-23.20615459
1141	60.8954588
1142	12.38021797
1143	-27.76858621
1144	56.53837082
1145	27.75844584
1146	-32.39598848
1147	45.73493519
1148	39.3804366
1149	-35.54534441
1150	30.65329089
1151	47.70277967
1152	-35.56901432
1153	13.84580608
1154	53.31031308
1155	-31.37278309
1156	-2.456823855
1157	56.41165833
1158	-22.89761841
1159	-16.83865892
1160	56.59905244
1161	-11.2472523
1162	-28.82883191
1163	52.96901245
1164	1.589641708
1165	-38.65560385
1166	44.55930781
1167	13.32905611
1168	-46.7488872
1169	30.93292558
1170	22.08766587
1171	-53.20674581
1172	12.67629505
1173	26.94081568
1174	-57.45246824
1175	-8.39963737
1176	28.1456776
1177	-58.23629526
1178	-29.46747854
1179	26.95057496
1180	-54.0055665
1181	-47.26952959
1182	25.05810145
1183	-43.52540837
1184	-58.91439417
1185	23.93348981
1186	-26.52992408
1187	-62.63484902
1188	24.2068475
1189	-4.158419912
1190	-58.26066801
1191	25.38772213
1192	21.00698225
1193	-47.24777252
1194	26.00286194
1195	45.35703465
1196	-32.24829176
1197	24.12005913
1198	65.02678968
1199	-16.35610997
1200	18.08400446
1201	76.80208755
1202	-2.267901259
1203	7.211982048
1204	78.88926286
1205	8.375623299
1206	-7.794412544
1207	71.31523622
1208	15.26786101
1209	-24.87285677
1210	55.84161483
1211	19.26450659
1212	-41.06537004
1213	35.43098858
1214	21.84493954
1215	-53.28301046
1216	13.44391257
1217	24.41145891
1218	-59.12818356
1219	-7.176163103
1220	27.68003764
1221	-57.51445367
1222	-24.4813885
1223	31.37671167
1224	-48.89349828
1225	-37.70445259
1226	34.34031622
1227	-35.03187975
1228	-47.03468717
1229	34.98535543
1230	-18.43036221
1231	-53.1119043
1232	31.95008372
1233	-1.593765823
1234	-56.45714145
1235	24.68943894
1236	13.5994843
1237	-57.07121994
1238	13.79293565
1239	26.22506745
1240	-54.3599607
1241	0.906364087
1242	36.25065328
1243	-47.41572404
1244	-11.722
1245	44.14092793
1246	-35.54542405
1247	-21.91526538
1248	50.30747198
1249	-18.83565993
1250	-28.22664024
1251	54.63575924
1252	1.477743315
1253	-30.35121014
1254	56.29059066
1255	23.00651484
1256	-29.14480503
1257	53.89586041
1258	42.61757696
1259	-26.24218119
1260	46.04222406
1261	57.14974999
1262	-23.40879982
1263	31.94787288
1264	64.22287318
1265	-21.85629103
1266	12.02950895
1267	62.88036782
1268	-21.7671517
1269	-11.84185008
1270	53.85250422
1271	-22.20326663
1272	-36.5269997
1273	39.34767721
1274	-21.43964763
1275	-58.2268089
1276	22.43229431
1277	-17.61545182
1278	-73.34853729
1279	6.194094307
1280	-9.480853568
1281	-79.37410202
1282	-7.047140563
1283	3.019531476
1284	-75.46665748
1285	-16.23709028
1286	18.53458937
1287	-62.63211956
1288	-21.64961994
1289	34.55056609
1290	-43.3934497
1291	-24.51985665
1292	48.02227562
1293	-21.08981016
1294	-26.39659824
1295	56.19280493
1296	0.972081566
1297	-28.45327713
1298	57.34006324
1299	20.24947217
1300	-31.00288528
1301	51.21448509
1302	35.36467929
1303	-33.38325476
1304	39.03748643
1305	46.08418906
1306	-34.24335353
1307	23.07811166
1308	52.9327248
1309	-32.11682277
1310	5.964449869
1311	56.62274119
1312	-26.06659274
1313	-10.03099794
1314	57.53552231
1315	-16.1597852
1316	-23.49454893
1317	55.45956982
1318	-3.593490252
1319	-34.0099363
1320	49.68730496
1321	9.582639087
1322	-41.91507314
1323	39.4304636
1324	21.0562124
1325	-47.79895685
1326	24.38874108
1327	28.95063316
1328	-51.95353305
1329	5.24072318
1330	32.38763713
1331	-54.00895017
1332	-16.15497471
1333	31.71489251
1334	-52.91026663
1335	-36.96297542
1336	28.31642342
1337	-47.2644005
1338	-53.95118402
1339	24.07042934
1340	-35.94404727
1341	-64.28292248
1342	20.64436732
1343	-18.73136956
1344	-66.27324905
1345	18.87663326
1346	3.243688627
1347	-59.86238903
1348	18.46640488
1349	27.45625994
1350	-46.64518161
1351	18.08724603
1352	50.38903154
1353	-29.43798537
1354	15.89239513
1355	68.29081092
1356	-11.51513711
1357	10.24152121
1358	78.07345519
1359	4.245709298
1360	0.398316353
1361	78.07628153
1362	16.04296378
1363	-13.04607723
1364	68.46394585
1365	23.45105667
1366	-28.17859076
1367	51.13874116
1368	27.26682688
1369	-42.20947041
1370	29.20253462
1371	28.9810933
1372	-52.21963855
1373	6.144882471
1374	30.07741845
1375	-55.97082662
1376	-14.98540564
1377	31.41169687
1378	-52.51879761
1379	-32.17441953
1380	32.88926443
1381	-42.43764868
1382	-44.64222027
1383	33.54463957
1384	-27.59503862
1385	-52.62732877
1386	31.98254542
1387	-10.56834737
1388	-56.87998807
1389	27.00917375
1390	6.091645065
1391	-58.08231448
1392	18.21518128
1393	20.49980811
1394	-56.42779833
1395	6.290027812
1396	31.77289021
1397	-51.52278496
1398	-7.055843654
1399	39.97228497
1400	-42.64451473
1401	-19.54335574
1402	45.70697741
1403	-29.25045127
1404	-28.99875312
1405	49.57260334
1406	-11.53246577
1407	-34.0147962
1408	51.6594824
1409	9.21630017
1410	-34.3662716
1411	51.33395237
1412	30.5944141
1413	-31.03112256
1414	47.39357208
1415	49.49278109
1416	-25.80618343
1417	38.55475345
1418	62.80457072
1419	-20.6493757
1420	24.10187187
1421	68.23012089
1422	-16.97796361
1423	4.456546936
1424	64.91823501
1425	-15.17035078
1426	-18.5593003
1427	53.7295265
1428	-14.45002494
1429	-41.89654614
1430	37.02622129
1431	-13.19807246
1432	-61.87248498
1433	18.04607356
1434	-9.590896043
1435	-75.02464528
1436	0.053508103
1437	-2.344461219
1438	-78.97082526
1439	-14.46761167
1440	8.694110052
1441	-73.01165799
1442	-24.33247099
1443	22.31801035
1444	-58.29034681
1445	-29.73768614
1446	36.18410249
1447	-37.4644148
1448	-31.90800685
1449	47.42428123
1450	-13.99894049
1451	-32.45271479
1452	53.44966172
1453	8.692507449
1454	-32.66960411
1455	52.68759088
1456	27.99327047
1457	-33.04332837
1458	45.01514984
1459	42.4990194
1460	-33.10819738
1461	31.75636293
1462	52.00749664
1463	-31.71095689
1464	15.25756816
1465	57.13575418
1466	-27.56436999
1467	-1.804741213
1468	58.74316134
1469	-19.87843576
1470	-17.14497313
1471	57.39664805
1472	-8.829135945
1473	-29.37944476
1474	53.0866732
1475	4.316247344
1476	-38.17104642
1477	45.29948736
1478	17.47422434
1479	-43.98683219
1480	33.41101979
1481	28.33286506
1482	-47.58788002
1483	17.24084632
1484	35.05041045
1485	-49.46561861
1486	-2.462958291
1487	36.82001074
1488	-49.45491089
1489	-23.82088305
1490	34.09972831
1491	-46.68593126
1492	-44.0183049
1493	28.42251126
1494	-39.90862909
1495	-59.87706057
1496	21.8477666
1497	-28.08107165
1498	-68.64071693
1499	16.24284982
1500	-11.00726107
1501	-68.72716995
1502	12.64450227
1503	10.22048457
1504	-60.2009552
1505	10.92482981
1506	33.16264787
1507	-44.80187536
1508	9.882064654
1509	54.4194957
1510	-25.50833992
1511	7.728968926
1512	70.37462766
1513	-5.765038871
1514	2.812417305
1515	78.08052659
1516	11.38646604
1517	-5.68503812
1518	76.01638349
1519	24.00628138
1520	-17.30792514
1521	64.48315077
1522	31.57611501
1523	-30.31331341
1524	45.51417373
1525	34.86182114
1526	-42.09449084
1527	22.33363294
1528	35.39305166
1529	-49.90967849
1530	-1.462717417
1531	34.75951003
1532	-51.6792539
1533	-22.7473998
1534	33.97751339
1535	-46.59233483
1536	-39.46881548
1537	33.14624661
1538	-35.32910406
1539	-50.86218676
1540	31.50332392
1541	-19.83584618
1542	-57.24029361
1543	27.84327439
1544	-2.739856043
1545	-59.48429301
1546	21.13188457
1547	13.39079193
1548	-58.45177962
1549	11.07979619
1550	26.69249581
1551	-54.53617558
1552	-1.545528919
1553	36.34858063
1554	-47.5439176
1555	-14.99539135
1556	42.53494831
1557	-36.92897016
1558	-26.98857387
1559	46.01939336
1560	-22.28399671
1561	-35.38296987
1562	47.58882441
1563	-3.884683182
1564	-38.83685346
1565	47.53787658
1566	16.94447191
1567	-37.22597056
1568	45.42624878
1569	37.81730309
1570	-31.66523221
1571	40.20997379
1572	55.67728281
1573	-24.12089196
1574	30.71012835
1575	67.49827914
1576	-16.74270308
1577	16.25182199
1578	71.0830021
1579	-11.14515503
1580	-2.76632062
1581	65.70117417
1582	-7.887139636
1583	-24.5997057
1584	52.35166021
1585	-6.332574586
1586	-46.31558911
1587	33.55019676
1588	-4.943323213
1589	-64.36988053
1590	12.69746475
1591	-1.905504957
1592	-75.44655575
1593	-6.781130806
1594	4.126835822
1595	-77.30803064
1596	-22.2592532
1597	13.4298775
1598	-69.39291605
1599	-32.44730464
1600	24.9630157
1601	-52.97390112
1602	-37.49242511
1603	36.56993874
1604	-30.82765008
1605	-38.63669298
1606	45.56874538
1607	-6.523470286
1608	-37.5754418
1609	49.53974783
1610	16.44430199
1611	-35.75235957
1612	47.05272317
1613	35.4133909
1614	-33.83963685
1615	38.09670214
1616	48.98101399
1617	-31.57703301
1618	24.07711217
1619	57.00206123
1620	-28.01036111
1621	7.391648093
1622	60.20754732
1623	-22.02488758
1624	-9.263261602
1625	59.6195479
1626	-12.96354332
1627	-23.6175352
1628	55.99945076
1629	-1.090536199
1630	-34.34386148
1631	49.54086243
1632	12.28218064
1633	-41.20632218
1634	39.91731594
1635	25.06560803
1636	-44.81712697
1637	26.6550766
1638	34.97704092
1639	-46.11827948
1640	9.673402463
1641	40.23633073
1642	-45.80179732
1643	-10.23519963
1644	40.13057771
1645	-43.90063165
1646	-31.19831602
1647	35.24469245
1648	-39.71626424
1649	-50.45077086
1650	27.2696428
1651	-32.1217246
1652	-64.89535596
1653	18.44716099
1654	-20.13582577
1655	-71.87895062
1656	10.83769169
1657	-3.556929274
1658	-69.93942646
1659	5.662253924
1660	16.58852882
1661	-59.27538104
1662	2.945744163
1663	37.97320438
1664	-41.77315506
1665	1.586445443
1666	57.33815515
1667	-20.56654976
1668	-0.170585521
1669	71.21941045
1670	0.74362568
1671	-4.019079263
1672	76.8205931
1673	18.9724324
1674	-10.88393908
1675	72.76319456
1676	32.06675519
1677	-20.46817606
1678	59.47854418
1679	39.44317537
1680	-31.21650265
1681	39.11726334
1682	41.86452044
1683	-40.71597726
1684	15.00540608
1685	40.92548302
1686	-46.40508868
1687	-9.18041165
1688	38.34442076
1689	-46.35769127
1690	-30.26212364
1691	35.31522139
1692	-39.88325639
1693	-46.178944
1694	32.14139507
1695	-27.74822211
1696	-56.20790446
1697	28.26659869
1698	-11.95246948
1699	-60.75879174
1700	22.6702527
1701	4.854911305
1702	-60.86084002
1703	14.46521768
1704	20.11738229
1705	-57.55746982
1706	3.46286355
1707	32.02000223
1708	-51.44483792
1709	-9.515878107
1710	39.83589603
1711	-42.52452885
1712	-22.71189886
1713	43.87297226
1714	-30.41487545
1715	-33.87070262
1716	45.06831755
1717	-14.82483802
1718	-40.90927649
1719	44.40288192
1720	3.910164131
1721	-42.57511938
1722	42.37057083
1723	24.46172252
1724	-38.86293916
1725	38.7120499
1726	44.48760128
1727	-31.03546572
1728	32.52305063
1729	61.01138925
1730	-21.23127845
1731	22.70555984
1732	71.11178061
1733	-11.78682074
1734	8.598442255
1735	72.71250067
1736	-4.501166429
1737	-9.450858813
1738	65.21574473
1739	-0.094664877
1740	-29.80230642
1741	49.76211685
1742	1.952211379
1743	-49.6636406
1744	29.01603541
1745	3.123694673
1746	-65.64836576
1747	6.528449894
1748	5.251798781
1749	-74.59911321
1750	-14.13359149
1751	9.7711544
1752	-74.42723892
1753	-30.22562053
1754	17.10488667
1755	-64.70532243
1756	-40.3805851
1757	26.39730296
1758	-46.82349174
1759	-44.7242902
1760	35.69116644
1761	-23.65848549
1762	-44.54293844
1763	42.49548934
1764	1.140605722
1765	-41.64136522
1766	44.55643344
1767	24.02641153
1768	-37.62752821
1769	40.57493835
1770	42.31973577
1771	-33.37308892
1772	30.63362088
1773	54.64666969
1774	-28.82781775
1775	16.19532324
1776	60.94306692
1777	-23.23335844
1778	-0.318519358
1779	62.07241872
1780	-15.63658227
1781	-16.22045523
1782	59.23138219
1783	-5.495521451
1784	-29.28368496
1785	53.38021483
1786	6.860837758
1787	-38.26160284
1788	44.91233029
1789	20.10310468
1790	-43.03843062
1791	33.67769839
1792	32.16557474
1793	-44.38365813
1794	19.33534061
1795	40.82273662
1796	-43.42467464
1797	1.881149623
1798	44.38082038
1799	-41.05066186
1800	-17.8747424
1801	42.24035626
1802	-37.48171929
1803	-38.09552505
1804	35.12569253
1805	-32.1730767
1806	-56.09340026
1807	24.89054417
1808	-24.09800538
1809	-68.87716272
1810	13.95556097
1811	-12.30964584
1812	-73.91704131
1813	4.563145105
1814	3.427316034
1815	-69.88417671
1816	-1.899248446
1817	22.17985699
1818	-57.11662614
1819	-5.276993162
1820	41.75768368
1821	-37.64432397
1822	-6.598209675
1823	59.0628472
1824	-14.74547811
1825	-7.613378518
1826	70.79761323
1827	7.84100641
1828	-10.08396617
1829	74.32291139
1830	26.81029506
1831	-15.06673858
1832	68.40044144
1833	40.02300805
1834	-22.44302112
1835	53.58165761
1836	46.85884477
1837	-30.85885665
1838	32.11687821
1839	48.10493215
1840	-38.10145785
1841	7.410618397
1842	45.44534774
1843	-41.78802399
1844	-16.80688586
1845	40.74666976
1846	-40.13636975
1847	-37.33574521
1848	35.39371017
1849	-32.55949538
1850	-52.13389831
1851	29.90044329
1852	-19.88726669
1853	-60.54501384
1854	23.91498266
1855	-4.146197349
1856	-63.09572417
1857	16.59235996
1858	12.02166541
1859	-60.97673815
1860	7.176139006
1861	26.09959687
1862	-55.42332708
1863	-4.4438677
1864	36.34666424
1865	-47.23265182
1866	-17.41975914
1867	42.14614146
1868	-36.59212037
1869	-30.01061802
1870	43.9517046
1871	-23.26820094
1872	-40.01700973
1873	42.8759108
1874	-7.064183795
1875	-45.44070806
1876	40.09199134
1877	11.6508662
1878	-45.13930352
1879	36.28368572
1880	31.5728682
1881	-39.24075674
1882	31.35632992
1883	50.43169261
1884	-29.16218169
1885	24.52347914
1886	65.3568719
1887	-17.21286981
1888	14.74222679
1889	73.55323489
1890	-5.906417165
1891	1.337379577
1892	73.08047364
1893	2.790079695
1894	-15.42254084
1895	63.4805386
1896	8.016976291
1897	-34.02759488
1898	46.03474783
1899	10.20321162
1900	-51.84731627
1901	23.54697558
1902	10.80686816
1903	-65.66810682
1904	-0.298151228
1905	11.70554387
1906	-72.49919719
1907	-21.81443382
1908	14.44765029
1909	-70.40069285
1910	-38.16574049
1911	19.62414116
1912	-59.0707294
1913	-47.93581886
1914	26.57928549
1915	-40.00088107
1916	-51.25692902
1917	33.56291135
1918	-16.14571858
1919	-49.48459145
1920	38.27513506
1921	8.792483443
1922	-44.55386758
1923	38.62020229
1924	31.24201423
1925	-38.25172865
1926	33.414981
1927	48.53514316
1928	-31.65699393
1929	22.81410989
1930	59.3526023
1931	-24.92948453
1932	8.311675357
1933	63.73233853
1934	-17.49900416
1935	-7.675755206
1936	62.68523307
1937	-8.559138101
1938	-22.49834177
1939	57.59017159
1940	2.338043162
1941	-33.99881461
1942	49.60617561
1943	14.82443952
1944	-41.03295514
1945	39.31868006
1946	27.58148279
1947	-43.62050274
1948	26.73922897
1949	38.59532369
1950	-42.69614493
1951	11.63875349
1952	45.72412074
1953	-39.57260769
1954	-5.935522483
1955	47.38262792
1956	-35.32836073
1957	-25.18371427
1958	43.10074012
1959	-30.35567467
1960	-44.33291385
1961	33.75064511
1962	-24.24266795
1963	-60.79917055
1964	21.34903406
1965	-16.03771812
1966	-71.71973289
1967	8.487614345
1968	-4.800764206
1969	-74.70469128
1970	-2.424438003
1971	9.765054039
1972	-68.56757572
1973	-9.854401644
1974	26.84623181
1975	-53.78681037
1976	-13.54331729
1977	44.41183405
1978	-32.52852669
1979	-14.47332092
1980	59.54159947
1981	-8.200292726
1982	-14.41814585
1983	69.11367157
1984	15.34226216
1985	-15.23274393
1986	70.64796336
1987	34.70025724
1988	-18.12761545
1989	63.03983197
1990	47.67620312
1991	-23.17874497
1992	46.94653058
1993	53.64109184
1994	-29.2430368
1995	24.69712833
1996	53.43234143
1997	-34.30974752
1998	-0.251204304
1999	48.84526455
2000	-36.16875718
2001	-24.14308315
2002	41.91077129
2003	-33.16822934
2004	-43.7855289
2005	34.21381174
2006	-24.80447592
2007	-57.1818228
2008	26.4804706
2009	-11.94554054
2010	-63.76464358
2011	18.55724667
2012	3.383655375
2013	-64.19388685
2014	9.761383562
2015	18.57694663
2016	-59.83101672
2017	-0.552646993
2018	31.18443879
2019	-52.10469637
2020	-12.44133319
2021	39.5621344
2022	-42.00686809
2023	-25.05760199
2024	43.22041412
2025	-29.8972986
2026	-36.7073627
2027	42.76838848
2028	-15.67090163
2029	-45.27335505
2030	39.49579173
2031	0.799166179
2032	-48.86544073
2033	34.76188261
2034	19.13762016
2035	-46.46880257
2036	29.42664171
2037	38.09301864
2038	-38.35487081
2039	23.54029234
2040	55.49432108
2041	-26.0972492
2042	16.40980196
2043	68.60046636
2044	-12.16983566
2045	7.02018427
2046	74.76038125
2047	0.750325868
2048	-5.345743379
